Improvement log file: logs/run_latest.txt
Resource mapping: 0=Tomb, 1=Bat, 2=Ghost, 3=Witch_Book, 4=Witch_Soup, 5=Eye, 6=PET_STONES, 7=FREE_EXP, 8=GROWTH, 9=Black_Cat
Upgrade Path: 
{4,9,8,2,5,7,1,2,1,7,1,9,17,5,3,3,7,9,0,8,0,4,0,3,19,4,6,6,1,14,7,8,19,9,4,7,3,4,7,6,1,5,1,0,1,6,9,1,2,6,3,2,1,4,8,1,8,0,3,9,9,4,9,8,8,0,9,2,8,5,2,8,2,9,4,1,7,5,0,1,8,2,9,8,1,5,9,7,8,5,2,3,1,6,1,6,5,3,3,4,4,8,7,4,4,3,3,3,2,3,3,3,2,2,4,7,3,0,1,5,0,5,6,8,1,1,8,9,0,3,2,7,9,3,2,3,4,2,0,3,0,8,7,3,7,7,1,0,3,5,1,5,2,6,6,7,7,9,3,4,4,7,5,3,1,6,0,3,7,2,1,2,4,5,8,7,0,5,3,1,4,20}
Final Resource Counts: 4.3152e+07,3.15863e+08,2.25841e+07,3.86911e+07,3.35235e+07,2.24135e+06,314715,64244.6,174623,10000
Final Upgrade Levels: 23,37,30,17,18,21,27,16,32,19,10,10,10,10,10,10,10,10,10,10,0
Event Currency: 10000
Free Exp (0 DLs): 6.42446e+06 (64244.6 levels * cycles)
Pet Stones: 314715
Growth (100 pets): 174623 (174623 levels * cycles)
Score: 273.862

Improved path (Swap): 
{0,0,6,1,0,0,0,5,2,2,0,2,2,0,2,3,3,8,2,2,5,6,5,2,2,2,5,1,1,2,6,8,6,8,3,6,2,8,5,3,6,8,5,6,0,6,8,2,2,2,3,5,6,3,8,5,6,0,8,5,6,2,8,2,6,2,8,6,5,7,7,6,17,7,8,7,0,7,7,7,7,0,1,6,6,8,8,7,4,9,1,19,9,5,5,5,1,1,8,9,2,8,1,5,3,8,4,9,2,3,3,9,4,4,4,5,1,7,4,4,0,5,3,9,2,5,0,9,2,5,4,4,0,3,2,2,8,8,3,9,7,0,2,9,7,1,7,1,7,19,4,4,5,3,6,0,7,1,1,5,0,3,0,8,3,1,4,20}
Score: 299.366
Improved path (Swap): 
{2,2,6,2,0,0,0,5,0,2,0,2,2,0,2,2,2,2,2,2,3,3,8,3,5,0,5,6,8,6,5,6,3,8,5,6,0,8,6,2,5,6,8,5,6,2,8,3,1,6,1,8,5,6,0,8,5,6,2,3,2,8,6,2,8,6,7,5,7,0,6,17,8,7,7,7,7,7,7,6,6,8,8,0,4,9,1,19,9,5,5,5,7,1,8,8,7,5,3,3,4,2,3,3,9,4,4,4,5,2,3,4,2,1,3,9,0,5,0,0,2,5,4,4,0,1,8,8,2,9,1,0,2,9,7,2,7,2,7,19,4,4,5,5,6,1,9,7,5,0,3,8,3,8,4,20}
Score: 300.052
Improved path (Swap): 
{0,2,6,2,0,0,0,5,0,2,0,2,2,0,2,2,2,2,2,2,3,3,8,3,2,6,5,5,8,6,5,6,3,8,5,6,0,8,5,6,2,6,8,3,2,5,6,8,5,6,8,0,6,2,8,5,6,3,2,8,6,8,7,6,5,17,0,6,7,7,8,7,7,7,7,7,7,7,8,8,7,5,3,3,4,2,3,9,4,4,5,2,3,4,1,3,9,0,5,0,0,2,4,4,0,8,8,2,9,1,0,2,9,2,7,2,7,19,4,4,5,5,6,1,9,7,5,0,3,8,3,8,4,20}
Score: 300.146
Upgrade Path: 
{0,2,6,2,0,0,0,5,0,2,0,2,2,0,2,2,2,2,2,2,3,3,8,3,2,6,5,5,8,6,5,6,3,8,5,6,0,8,5,6,2,6,8,3,2,5,6,8,5,6,8,0,6,2,8,5,6,3,2,8,6,7,8,6,5,17,0,6,7,7,8,7,7,7,7,7,7,20}
Final Resource Counts: 431571,3.95156e+07,1.33056e+07,5.34034e+06,7.98404e+06,7.09256e+06,359401,36977.1,183447,10000
Final Upgrade Levels: 26,25,39,17,10,26,36,18,34,9,10,10,10,10,9,10,10,10,10,8,0
Event Currency: 10000
Free Exp (0 DLs): 3.69771e+06 (36977.1 levels * cycles)
Pet Stones: 359401
Growth (100 pets): 183447 (183447 levels * cycles)
Score: 300.146

Done.
